	COPD-002	COPD-003	COPD-004	COPD-005	COPD-006	COPD-112	COPD-007	COPD-008	COPD-009	COPD-010	COPD-011	COPD-001	COPD-012	COPD-013	COPD-014	COPD-016	COPD-017	COPD-018	COPD-019	COPD-020	COPD-021	COPD-022	COPD-023	COPD-024	COPD-026	COPD-027	COPD-028	COPD-029	COPD-030	COPD-031	COPD-032	COPD-033	COPD-034	COPD-035	COPD-036	COPD-037	COPD-038	COPD-039	COPD-040	COPD-041	COPD-042	COPD-043	COPD-044	COPD-045	COPD-046	COPD-047	COPD-048	COPD-050	COPD-051	COPD-053	COPD-054	COPD-055	COPD-056	COPD-057	COPD-058	COPD-059	COPD-060	COPD-061	COPD-062	COPD-063	COPD-064	COPD-065	COPD-066	COPD-067	COPD-068	COPD-069	COPD-070	COPD-071	COPD-072	COPD-073	COPD-074	COPD-075	COPD-076	COPD-077	COPD-078	COPD-079	COPD-080	COPD-081	COPD-084	COPD-085	COPD-087	COPD-088	COPD-089	COPD-091	COPD-092	COPD-094	COPD-095	COPD-096	COPD-097	COPD-098	COPD-099	COPD-100	COPD-101	COPD-102	COPD-103	COPD-104	COPD-105	COPD-106	COPD-107	COPD-109	COPD-110	COPD-111
COPD-002	0.0	0.47341749951583356	0.6375383763625753	0.7145884397702646	0.6775456216934466	0.6624816069670381	0.4143401527623543	0.7611647242490593	0.6288264424159218	0.544045907146055	0.6964436650237317	0.7617978487223644	0.6619979279889331	0.8249436208853864	0.6687961576321104	0.4511582416564593	0.6569531480268359	0.44471613069713184	0.6339246717365097	0.6066803614571956	0.6934693554966819	0.6521071605427505	0.427034931980253	0.6020097103457521	0.47652353768327604	0.43440593763868657	0.6687175647823638	0.5280133492037384	0.5574898971069875	0.6626788615901189	0.48548728974158895	0.7890322361937385	0.6208421834700211	0.5783653358914979	0.49878425029604984	0.6853623266817239	0.3902036733712956	0.5232989524033383	0.601723335876762	0.6475005552513855	0.4514463216012334	0.6717127406313291	0.9241051633085197	0.9227491047181496	0.702418446916172	0.37178997228486155	0.859899567223349	0.4747806134442707	0.6087015846496164	0.5943309570917326	0.5374593658227443	0.6444474448340529	0.9127291211678366	0.6989956030201606	0.4635127427871261	0.4217061852458882	0.4994369093701191	0.754834666325943	0.6123459515125469	0.6622374283772262	0.6847609605554373	0.7680731553176562	0.3399405451135417	0.6895845356848994	0.5105062517483973	0.5710330534679384	0.6292900578712896	0.4278999972930269	0.6457850971443251	0.45003363350192904	0.8516235398586782	0.43211558608877243	0.5846185205015589	0.4487288694032463	0.7337630167332174	0.45365956767932514	0.3839104164484925	0.5617290298039175	0.5194085082301064	0.5857035215149984	0.32835715402178095	0.6815360046936524	0.8018496759267764	0.9263586149848603	0.4902910656633151	0.3901984466595207	0.5130196206461258	0.6433084067694196	0.6176511478742559	0.5708359027783466	0.8393775406140054	0.724273227560291	0.4181442605823869	0.5204704182891392	0.5770371203500408	0.6728936959818375	0.6694634935800416	0.4591431964840656	0.5665973395409151	0.534446619827115	0.497384740928551	0.5334059504874075
COPD-003	0.47341749951583356	0.0	0.7727557260136841	0.6319799888704987	0.7664984908907744	0.7626248724055447	0.47780389206395274	0.7863086806462246	0.7704912065751107	0.5884265907618935	0.8360670758693309	0.869488104862366	0.7660592452077206	0.8767044722914344	0.7393401513521103	0.6313658584873446	0.5405920249600384	0.6152800143311593	0.6351490031094467	0.7376063046923427	0.806544344798273	0.678611273232504	0.6428515491774819	0.7268274745121811	0.6838844092208912	0.4171010804361154	0.7682651553881068	0.4142087566748355	0.44148589098931906	0.7210278458680527	0.46083596425366613	0.8535512226252104	0.716690390803899	0.6986591564953492	0.5849844928141861	0.799974566217033	0.5631596609419142	0.4686902595385664	0.7385187235069087	0.5054427468366534	0.36554937870158566	0.7953870859837585	0.9451191987901956	0.9429806001721185	0.6926736148549352	0.43984773877186506	0.8799151207970112	0.5030444805258416	0.7248953769458993	0.7501013448654626	0.4639192910415025	0.7353811952463692	0.9278128557360227	0.7507309739610238	0.5422944725350292	0.5257711877040367	0.564684932364298	0.8269761124607059	0.4475557112366445	0.791724502071586	0.7379602508600478	0.8766030255480833	0.35882746345668753	0.8090064951552874	0.6652654644871645	0.5891505655660556	0.7000932933172291	0.37472491047091416	0.7302398586039105	0.4508938731524388	0.9037630772012447	0.399693804417816	0.6753353239373738	0.4466923959044519	0.8341591768161138	0.6297706480950647	0.5371779194660714	0.5352525952512198	0.6441757636696915	0.4617221395583407	0.41744664301444556	0.7156677336282197	0.8058955575455516	0.9462300499800794	0.6274840496545652	0.39665327644295323	0.528084884827023	0.6913879801907231	0.5102253766944012	0.4311431095192107	0.8609321840662097	0.5633652820459336	0.546111117770662	0.6568399825351233	0.3685130744051779	0.5619572105381947	0.731471558715456	0.4944464256377149	0.47038756237642143	0.3785834374804007	0.39798588431516446	0.4715291897734415
COPD-004	0.6375383763625753	0.7727557260136841	0.0	0.830261961289046	0.6861345128944679	0.5295685841911795	0.5747768148127234	0.514418557993927	0.6414209496101952	0.6173419366981291	0.520848853892433	0.6828586115781144	0.5581053113342277	0.7697800934344636	0.6651811581732345	0.574761365679558	0.8186954257310379	0.6248668500461358	0.8044400302280365	0.5328216324530038	0.5933028796116252	0.7072833858312219	0.6101082651410504	0.6333164242812013	0.6091824840270456	0.6618903108066421	0.7668044701323379	0.765401400241778	0.8552481332485832	0.750748667355363	0.694057609337205	0.5289177657707587	0.5225602418806791	0.7021581698156798	0.7050925117325849	0.5918144655324308	0.6258454152420888	0.7274317507239109	0.5432827884308343	0.8026783611564814	0.641163328290811	0.5921174457519964	0.7982922516738571	0.7550677653897861	0.7157589819906423	0.6331040840998936	0.7600781826119626	0.7263147622228796	0.6728128229714453	0.5511704015491893	0.6972438358688419	0.5844412618807279	0.8421574088178104	0.6960074210790188	0.7427237482401967	0.5839476521378533	0.6949547000361357	0.5440044731894943	0.8206453210662152	0.5950264350015968	0.6962959284246665	0.6809189185473822	0.66912913501141	0.5447994578271366	0.504558174142719	0.7398422144561054	0.6764714316036011	0.7119094018782749	0.5360602964863539	0.6845569173070937	0.672900242148401	0.6657328340011094	0.6096310525655707	0.6988314951535116	0.5966465423564381	0.48525190321613637	0.6496520040307507	0.7234376465565993	0.6257229368561705	0.7526174488769087	0.619688696663499	0.8182126157497752	0.7044329180786842	0.8026074905262663	0.6595207628745012	0.6944427274814056	0.6391591581396349	0.8491382988386336	0.795963817400526	0.7017733494645506	0.580549746491381	0.860391319529297	0.6502619373512398	0.6056833089131878	0.7681741286374936	0.861698470732983	0.5920112767994665	0.5916355801461329	0.760284860595936	0.7744432573354608	0.7798675287611491	0.7670480441953985
COPD-005	0.7145884397702646	0.6319799888704987	0.830261961289046	0.0	0.8218255690839947	0.768702487094224	0.6271913553375004	0.8330220108225176	0.8001580561637853	0.7137022774391515	0.9147495733597678	0.9222103676659327	0.8213348030030038	0.8463300127492221	0.8002360106013662	0.6811743307020469	0.5572971094844408	0.7266957378069164	0.751454089374476	0.7974050652096999	0.8485251517506062	0.6999383905207508	0.7190338624388904	0.8909650256487966	0.7700290839120641	0.7089663115850278	0.8149556111348659	0.4915221209994281	0.5517707920956882	0.815417479879888	0.7458010744684298	0.8622299716542302	0.7778326446789927	0.8416541080043153	0.6679066197007366	0.835623484118927	0.717861734194671	0.564870605985107	0.8183532039291675	0.4065288948110881	0.6696699242897165	0.8598702192173255	0.9498262362059567	0.9474196181514151	0.8642311973216421	0.6613875977062064	0.8850021722270426	0.766940483844302	0.7716091661739333	0.8195505495596759	0.5292981698406605	0.8065809204138735	0.9307102235451379	0.8101761365775381	0.7521306133361227	0.6408289694009882	0.7038075857124464	0.8065525208623714	0.5031559510704581	0.8757995255101833	0.8133203877150563	0.9277469632065474	0.6376851951346283	0.8421997177716223	0.7793224041808616	0.7157365035927749	0.7712269020948642	0.619593621694499	0.8253718415513296	0.583093822070954	0.9245977875492667	0.6144690709269807	0.8064360645170772	0.6349828162571398	0.8638342802434908	0.7310556214716124	0.677522533328818	0.5690066680045237	0.7828242786476871	0.602251204689421	0.6190731895068415	0.8258069176344626	0.8612235755807766	0.9504637495772262	0.8290530854246383	0.6414641464929954	0.6551509062966696	0.703866211203818	0.6464624517564521	0.5901942850630435	0.8791221152228963	0.4943419921892924	0.7374505895081577	0.83750135645666	0.5493466570539263	0.48357553532966996	0.7912151680172403	0.7117730754735578	0.6253702992793891	0.6164330236353949	0.5956275133999449	0.5417639060900469
COPD-006	0.6775456216934466	0.7664984908907744	0.6861345128944679	0.8218255690839947	0.0	0.5189835684529264	0.6991885137158403	0.5141838316878348	0.846933647038496	0.5425956957160857	0.6126253603992179	0.8333865468603443	0.4664498642767052	0.6800656755595212	0.8340998466814724	0.6105620302221869	0.7821581937919139	0.6588844444250364	0.7279845750688049	0.7138683375285955	0.8629720686710664	0.36268261772418087	0.6864991617180697	0.7532037722041559	0.6121155141683446	0.7567501744282656	0.7402146904366331	0.7754405630448273	0.7806211944517814	0.6760316402521732	0.7654870702539824	0.7454416645954882	0.4429042133164047	0.8373625651395312	0.7214789763144047	0.8460337808267003	0.7143234429256352	0.7489622602096476	0.8561936959528968	0.7911686713849003	0.6977779645187384	0.8755005375099548	0.5965964736575261	0.4539123751678996	0.8364170006309033	0.6645888188298801	0.6984068385820306	0.7257940403898123	0.7942383102024079	0.8768026415235917	0.7714440976167232	0.8568204663074637	0.7468644867951513	0.39130485737467485	0.7301193710502429	0.7432930467232702	0.7057642497576714	0.7264083798741036	0.8156518650467159	0.8251239372661202	0.8754616085977567	0.8250890884993848	0.7216366042464017	0.8603471573696944	0.7539419521651793	0.6667353199804341	0.7151119834741809	0.726807472119074	0.5316222282960262	0.7206312501377176	0.7187178287935924	0.6795897871289798	0.8358234768952529	0.7317576488478581	0.8422297399101325	0.4628852643767996	0.7173897296712897	0.7483617674532673	0.7734083404152299	0.7530770775257415	0.7036089151640189	0.7613682792733043	0.38655166509498695	0.6070275389637761	0.7501739556490872	0.7450130358249594	0.741066997936506	0.6062367928564318	0.811180813756484	0.7296892181723008	0.7090416098124565	0.80501151762332	0.6966077560476105	0.7898911440739464	0.7759481454858144	0.7869861325586336	0.7556698626597403	0.48891070346447274	0.7977219822260829	0.7722937943223959	0.7323614082650496	0.7652768221030849
COPD-112	0.6624816069670381	0.7626248724055447	0.5295685841911795	0.768702487094224	0.5189835684529264	0.0	0.680144825326593	0.34612783152860577	0.7128777431607963	0.5480600373095125	0.5782553774597402	0.8212657922471566	0.412788228168905	0.6694342669721017	0.6349843612140968	0.684559208454621	0.8198087150370004	0.7389929008075038	0.8452528431282729	0.6075532542616717	0.7454162339089603	0.49480347248210776	0.6975373303155696	0.7387888893488741	0.673779613640862	0.714911405073685	0.8176016502041618	0.7586170044248237	0.8062903097321875	0.7761996388570032	0.7279502962960849	0.6662374784706027	0.3895641922379023	0.7177216044472534	0.6950620643818538	0.7345232221851409	0.6526550612709839	0.7762067617014149	0.6534883414423733	0.756973302918064	0.6836301011041641	0.7400262747135793	0.6825907488693432	0.6018989143904171	0.7359121667965072	0.6635575908822735	0.7345478370862795	0.7267833639914801	0.6368158092660028	0.6348095824255453	0.768033323869273	0.6369295962954854	0.7832854346524744	0.5709419483200063	0.7463083788452675	0.7090757424845949	0.6758916158159678	0.6234441605324138	0.7861405511982844	0.7190637533897808	0.6948570117948261	0.8171533265575079	0.701181876368108	0.7162025629008146	0.5632075213234732	0.7628027114901221	0.7363369795988105	0.7526934608845419	0.5383077187354418	0.6636364761377626	0.7106383037126041	0.6513657620071438	0.6548268680310387	0.7041908104783732	0.7556538106893147	0.5210496345936845	0.6732488699243189	0.754221352011694	0.6938565347858826	0.7133458370171218	0.6731510603742873	0.8064878695135302	0.4611119786392892	0.6859323405638305	0.6715490222908183	0.6900793479695118	0.7590834178387234	0.7364747961777275	0.7710977261126222	0.7040129603524451	0.6046148919271523	0.8259120906210244	0.6923725482917534	0.6605154133226852	0.7490018732014339	0.8294606117970332	0.597252622354691	0.4782792155679674	0.7823821248897395	0.7176816939810545	0.7924636926272397	0.798126631222451
COPD-007	0.4143401527623543	0.47780389206395274	0.5747768148127234	0.6271913553375004	0.6991885137158403	0.680144825326593	0.0	0.7080118933221049	0.6386780577867325	0.5526960928282428	0.7294346832518057	0.7640481641583046	0.7048335818499297	0.8458715783084545	0.6267386455008399	0.491811017157292	0.5664132497136781	0.4765258144653395	0.6116137170448706	0.6052704177293465	0.6888089160334998	0.6152850261311414	0.45252341730856316	0.6776135214635393	0.552435610994511	0.39663566337715295	0.660930542204989	0.5023118467631158	0.5814931329573251	0.6319070344233533	0.54007260925991	0.7943054737016836	0.6410757361234216	0.6924782255206117	0.5146680659537443	0.6826000921172933	0.45821552596020937	0.40905269864260774	0.5856384940326257	0.5475812735049912	0.4679348323563612	0.6668781373944052	0.9279911914310969	0.9272399870720497	0.7468264329925007	0.3946560507738678	0.855827350560413	0.5618063519185446	0.5878407690001778	0.5783920414491716	0.4155180595178837	0.6051786083884942	0.9136142388951694	0.7222389103338281	0.509023477565688	0.29622262616000405	0.5099856473247382	0.7568863002424407	0.5585295261549698	0.6512905142128719	0.7082262578064655	0.7853676697322608	0.3581770684059631	0.6684328481749268	0.5568708646808753	0.5333001788604552	0.6257622054895343	0.3477490731353677	0.6828422089074055	0.4252101505122803	0.8553427945118612	0.41946860850604273	0.638679279647602	0.4486818908909264	0.7351062801894808	0.5582429639349683	0.46875647280609234	0.48797637242259456	0.5294301843811943	0.4335021767051356	0.27291544076585744	0.7115388745042698	0.8297334066260034	0.9295689075702638	0.6343828371027801	0.4286314498104315	0.3328964007096686	0.6139482859134499	0.5720054168156452	0.4382871545224899	0.815532895048757	0.6511055420905032	0.4921669952582921	0.6425031448485444	0.525920206679306	0.6254145205315621	0.6313973828878962	0.523652938611286	0.48147465971148035	0.49167982998935406	0.4539863447701064	0.4404225411941719
COPD-008	0.7611647242490593	0.7863086806462246	0.514418557993927	0.8330220108225176	0.5141838316878348	0.34612783152860577	0.7080118933221049	0.0	0.7046915502427085	0.6077778149994715	0.5680280213481768	0.7592253741653453	0.4345963518802929	0.6236407689461234	0.61371749029516	0.6656256845101121	0.8466875944741906	0.7036370228710795	0.8250720051630434	0.655751116680983	0.6662635495379539	0.4268815361810428	0.6910248724341628	0.7356428434194885	0.6987755439945772	0.738294753349018	0.8029459813501749	0.8150988374815624	0.8310350115358129	0.7145567610990807	0.77177290970163	0.6110074849274296	0.317974949081873	0.7529007053076652	0.711530902652872	0.6836164484328797	0.6964005460111404	0.8255058497271778	0.6396569162686279	0.7648051873605239	0.729431284071665	0.6654722756834768	0.6269738475333066	0.5051476407591247	0.7586065489240149	0.7349703821417948	0.7043435096930052	0.7575208294295581	0.6252105530158861	0.6335250891034275	0.7281391431467965	0.6037440885648797	0.7513303176365039	0.6020630112439218	0.799750901020925	0.6939119808962603	0.7594222112190501	0.5969901645503032	0.7830766932594091	0.6194787652617747	0.6640781016972025	0.7516920881830039	0.764589511213606	0.6388745311164523	0.5833965855678219	0.7345155768426193	0.6621837984693024	0.803827581895579	0.4847473812898253	0.7629766418977763	0.6507538331253684	0.712470193932675	0.643592591743105	0.7737464719363678	0.7031937945863521	0.5327268332006925	0.7221818025746153	0.7602036524036293	0.6533001539480219	0.7409916032558482	0.7366009906304521	0.8395500595002846	0.4229588537223445	0.6335508485487775	0.7510868086382896	0.7490724144005814	0.6662748064594811	0.7534168654079879	0.7916866301879545	0.6770384387634658	0.5132947931948838	0.852504233442209	0.687985077583792	0.7438696424268924	0.8323027778544415	0.8313843785385503	0.6278366523052904	0.5409829137904254	0.7690360481092583	0.8081879754318823	0.8183162885910388	0.8360592581985575
COPD-009	0.6288264424159218	0.7704912065751107	0.6414209496101952	0.8001580561637853	0.846933647038496	0.7128777431607963	0.6386780577867325	0.7046915502427085	0.0	0.8098284470722699	0.6381768631122875	0.4037848273789705	0.7134655698365444	0.7360112466182192	0.6236132644901328	0.6196018254425023	0.8188006458685673	0.5227209387356736	0.745906778152683	0.49908376521371345	0.3948730842814472	0.747917175651107	0.5579733143180862	0.5048627152993853	0.4786759949995152	0.7756180589303087	0.7795266731518702	0.7564525386389572	0.7678519319435793	0.7484532607498804	0.7193514416788693	0.6051586601856539	0.7182726141510059	0.4983454765487428	0.7562008885019552	0.41725717801600454	0.6702186327001359	0.6826648207351972	0.44861028329578884	0.7896072680156314	0.7281768579320357	0.3665152832217672	0.8494640356551107	0.8501661245244324	0.7263280700997921	0.661227923375914	0.7720442306305665	0.6569776254092332	0.5998083466884226	0.43171977085959096	0.6256559994184251	0.4482427898186466	0.8281996398724406	0.8370871533208709	0.7427330015153972	0.6403363570559824	0.7840194262849688	0.6438209317940563	0.8018902796098776	0.569746681451207	0.7243894890722842	0.5352994099957993	0.6892150969411787	0.521597274546917	0.5924178732614248	0.6645217521632858	0.6788703895921833	0.6498977159827551	0.6361833977217342	0.6957871728666852	0.7271663334141578	0.7040234754367389	0.5685045105299008	0.7451919092878225	0.4656614771168696	0.6821538152264544	0.6050432455217657	0.707709354381729	0.5886762546299629	0.7927462027118407	0.600961385343707	0.83183827017699	0.7774022065975259	0.8461349646442918	0.6447117154152324	0.7531413898791404	0.620555687344598	0.790273079146597	0.818887697980464	0.7172996501494455	0.7995644230014733	0.8524799140035758	0.6300824441595446	0.5118578840797102	0.7680742844233519	0.7408342150019104	0.6499290502414488	0.7736527044739412	0.7797583836041533	0.8152836775839797	0.673885940920519	0.7301836892014756
COPD-010	0.544045907146055	0.5884265907618935	0.6173419366981291	0.7137022774391515	0.5425956957160857	0.5480600373095125	0.5526960928282428	0.6077778149994715	0.8098284470722699	0.0	0.7104605065782035	0.881241575024944	0.5396776170022325	0.795384824452485	0.7628852738578797	0.5315525826648657	0.6786330200793975	0.6379409309087535	0.7337672641579019	0.6681407481057196	0.8185381989739424	0.527856201185649	0.6033064691205446	0.7228192840874275	0.6506090253476049	0.5515279610285166	0.6733569168614709	0.6939380405280038	0.7621944060980643	0.7118422659213264	0.6002476968919163	0.7456606832458883	0.5030586539981835	0.833806780623451	0.6190134624795295	0.8267323821187862	0.6289388211268768	0.6925962572688419	0.7688610642865534	0.7169967255183965	0.5150726221015495	0.8346774011609289	0.8252001315829353	0.7737140334096627	0.7084437190605468	0.5446924398005643	0.8125338606255915	0.5846875126851061	0.7251433848604815	0.78215201387219	0.7102138068664033	0.7800001622034897	0.8655867310805102	0.5542809339511716	0.5389951682503998	0.5894549130739029	0.5619708676871652	0.7248709996603294	0.7514544446230759	0.8116931010632683	0.7932589106846962	0.8583102302864009	0.5938561751020607	0.8182304911162835	0.6866832170595736	0.6704854957961103	0.7123268498641133	0.662692003171223	0.5932254743480022	0.6326782588473878	0.7678162357209016	0.5832408052353416	0.776501196766422	0.543189153243251	0.8279342813281385	0.4487007225344901	0.6340414309031505	0.6399377149042171	0.7210216836263805	0.5808452933869034	0.6063980151956183	0.6490326391671565	0.6650366785498477	0.828513795118885	0.7223993577395844	0.5662414434791343	0.6735314888448052	0.6734033568656659	0.7195690615682864	0.6478635697034016	0.6895946113205061	0.7554293652159682	0.6431323402738526	0.7873837422372972	0.5615634477832327	0.760632986243636	0.6930009087482191	0.3465839901998221	0.6636412577388997	0.5121069912486944	0.7437407302355002	0.7059774265686636
COPD-011	0.6964436650237317	0.8360670758693309	0.520848853892433	0.9147495733597678	0.6126253603992179	0.5782553774597402	0.7294346832518057	0.5680280213481768	0.6381768631122875	0.7104605065782035	0.0	0.6559569164305674	0.5418871644402803	0.7023145319315993	0.7695147229957752	0.6404367624385139	0.8422460678930603	0.6866673345428158	0.8002337410615242	0.5405967035086268	0.6442466796391428	0.657505404825635	0.7157618539341764	0.5872677661644602	0.5643372625547792	0.8217758372402899	0.7983784483759371	0.8269987051548776	0.8528885772857685	0.8028569238471284	0.7874490676041931	0.5993264180451944	0.6114241146575531	0.64042831396885	0.823908198445099	0.6638229666766763	0.7734894365400171	0.7189230768786194	0.6692685535535579	0.8722632625800862	0.7388172934766493	0.6472969964098227	0.6861985269373748	0.6728798025769339	0.7436093635112274	0.636090699858212	0.724600107455682	0.7672496457354742	0.7718669020004256	0.6958311924547412	0.7649433465668367	0.6974571222295499	0.7804882363006317	0.5502128588641019	0.7899401449320187	0.7654806136252766	0.7943823211794359	0.5797302362841369	0.9060300456561453	0.6116236795644975	0.8051827288713319	0.5765750982276955	0.747044006459175	0.6515324938871205	0.6439380631274025	0.6755727031574694	0.7731735207935044	0.7392157830669353	0.40730335687437047	0.750443457228499	0.5619004668994791	0.6666313871369366	0.6710500764174077	0.7948942589516353	0.6196084713518863	0.5356351309387437	0.7702538586983207	0.7921077885147901	0.7437296659420715	0.8536115105717826	0.702757031299221	0.8522593209178808	0.5682565436260192	0.6880026965481801	0.6573389262598642	0.7980551936553575	0.7458339698820694	0.8093764605436984	0.894438214377018	0.7795735541535402	0.6726312022927039	0.8642415059862671	0.7041319453756255	0.6115986351276237	0.8553858260825838	0.8405460040191148	0.6744987000679689	0.6443603108617294	0.8729547009149495	0.8830079682098412	0.7435494723321316	0.770042759202334
COPD-001	0.7617978487223644	0.869488104862366	0.6828586115781144	0.9222103676659327	0.8333865468603443	0.8212657922471566	0.7640481641583046	0.7592253741653453	0.4037848273789705	0.881241575024944	0.6559569164305674	0.0	0.8033178734890766	0.7719616054477599	0.7101922555501035	0.714546915312438	0.8867225695825399	0.5830998951498201	0.7731984917116113	0.6250677076666391	0.44524308612408253	0.8255220688674405	0.6238403326724784	0.5093949007872297	0.6096874644271165	0.8495256961934414	0.7984658652274346	0.8818258456343735	0.8725356009094203	0.7635252930512333	0.8008371032589784	0.629383723077232	0.8057520732522644	0.5191548535833284	0.8440443235084922	0.41495784875359426	0.7666191543633378	0.7757817880291342	0.6094633969005562	0.89430376915201	0.8456686487186169	0.3631005036720644	0.8187965816122532	0.8259100563978832	0.799741670979117	0.8075028039948566	0.7738094685264589	0.7838103703905532	0.7204834035173107	0.5276169200119101	0.7043361304944749	0.550257486512678	0.7947938466849703	0.8608183232289184	0.8355394837581189	0.7380239959148928	0.8795494940969437	0.6679117468305329	0.8926119329102095	0.6081064748844494	0.784638008849747	0.48224472543875896	0.8287201232583984	0.5749705931404936	0.7137432341868056	0.7299958000020907	0.741127627255562	0.7831171385908873	0.720785845038372	0.8215075657459615	0.6633496228517134	0.8388502231179952	0.7257258854680615	0.8557296971863727	0.48319161444058395	0.7819537583464354	0.7409336896049148	0.7904041334384994	0.682309315449083	0.8815683424562122	0.7567690693571294	0.8708014459170405	0.8140566543988491	0.8246607967097191	0.7582718844031664	0.8587897098644105	0.6865529375561075	0.8477148683175174	0.8921996160059955	0.8321657894636179	0.8278874891848301	0.9072194880675682	0.7524627197448198	0.6476852331911426	0.8827653367408882	0.8428485835054803	0.7798861351016485	0.8751179258388728	0.8807776509731902	0.903849110687671	0.7768107159898114	0.8261473928601721
COPD-012	0.6619979279889331	0.7660592452077206	0.5581053113342277	0.8213348030030038	0.4664498642767052	0.412788228168905	0.7048335818499297	0.4345963518802929	0.7134655698365444	0.5396776170022325	0.5418871644402803	0.8033178734890766	0.0	0.6759339737700903	0.7112738159429033	0.6001442008307029	0.7902244692997465	0.7170428553986437	0.7871745766002236	0.5943011154422306	0.7790929861453216	0.470883062593923	0.6932052555322769	0.6639035087043258	0.5830608038721831	0.7322861343909843	0.7722209676979899	0.7048504115610125	0.8032100824831763	0.76112192917256	0.6947443715970599	0.647126010272446	0.39299284649187055	0.7673058742224769	0.7526809761501098	0.7674290667076633	0.7413265306069172	0.7448375694601254	0.736391261455208	0.7694238588131971	0.6390716955783222	0.7929631028001592	0.7024817893384663	0.6193890695161878	0.6592318064686277	0.6247393570041799	0.702129916982659	0.6783924122502862	0.6369452802460284	0.7566519871513808	0.7606778653663786	0.7196818257056496	0.7907928777131057	0.5219898977470938	0.6638192343403447	0.7316660478656253	0.6790892623874923	0.6234186137132681	0.8134386751862979	0.7363630342860138	0.7913556486376679	0.785490836360359	0.6776402478732951	0.7805207488950664	0.6347771074678755	0.714704154025051	0.7246763974262542	0.734841944030603	0.4602048569561045	0.7054966511487484	0.622158717088952	0.6735900098558929	0.7027652368054055	0.6578991538984593	0.7443395335427935	0.46820067483722233	0.7374773112703963	0.7259108585520537	0.7376292108324741	0.747649608455527	0.6931606715034606	0.7215188503742233	0.4514759666356103	0.7087997521935501	0.6088446066307194	0.6901711851259185	0.7631360248893654	0.7354678352840806	0.770732026736684	0.7369330986236332	0.6563655742248428	0.7808309565499779	0.720386496970574	0.6944442450855565	0.7329675553061586	0.7998807864792113	0.5894792121010213	0.49685717438177557	0.8019230263373804	0.7057660326758847	0.769210769434023	0.7562976648704471
COPD-013	0.8249436208853864	0.8767044722914344	0.7697800934344636	0.8463300127492221	0.6800656755595212	0.6694342669721017	0.8458715783084545	0.6236407689461234	0.7360112466182192	0.795384824452485	0.7023145319315993	0.7719616054477599	0.6759339737700903	0.0	0.7682353009179763	0.7881882931132831	0.8753471974503724	0.8128703491194172	0.8336758948605553	0.7384076313848985	0.7771661136994094	0.6884060744234958	0.7957830585435932	0.7270690474778402	0.7512364521513694	0.8717338881724209	0.8209563192422139	0.882324323359997	0.8427181194312432	0.8298349611484847	0.8567960427181751	0.7716476647793076	0.692844063728487	0.7488541270913315	0.7948931251789996	0.7767251887430558	0.8250997241429952	0.854375024855913	0.8001612265740358	0.8576918661427222	0.8436223538386218	0.8076527742908582	0.7031720130280127	0.7144674604207527	0.8028425560793462	0.8263881056455472	0.2799923173700993	0.8371277397122471	0.7602049540760456	0.7888926516608665	0.8168192603875806	0.7458419997760666	0.3180966729509585	0.695251149223683	0.8569723323746542	0.8426080980275278	0.8366559446546674	0.7198467291190861	0.8760005227378329	0.7846862032130087	0.7842815013329858	0.6518220409965833	0.8504707739500639	0.7527777779173284	0.7614458970051542	0.638983037413153	0.7663563699748759	0.8497831436310256	0.7079507532971231	0.8428720691519259	0.7472003139206851	0.8364036126547292	0.771059486839019	0.8454897357347136	0.6601288994569162	0.748289613662689	0.8055177220282133	0.8150716168228166	0.8097493527353721	0.8645346645717317	0.8342172899075446	0.8565532541843422	0.5747151713914654	0.7091187009968092	0.7813342291316658	0.8708778126956277	0.8299908997084342	0.5014056476853782	0.8736962158737765	0.8236599963707121	0.7922537022255532	0.8708362473582462	0.8187649299903401	0.7589548322654596	0.8553120658780777	0.836933335517158	0.7685616688816062	0.7824655116842479	0.8700508717747022	0.8623606418507275	0.8395008147627292	0.8624842348063128
COPD-014	0.6687961576321104	0.7393401513521103	0.6651811581732345	0.8002360106013662	0.8340998466814724	0.6349843612140968	0.6267386455008399	0.61371749029516	0.6236132644901328	0.7628852738578797	0.7695147229957752	0.7101922555501035	0.7112738159429033	0.7682353009179763	0.0	0.713361291448184	0.8304748889330117	0.6654625356569586	0.7870529087939344	0.6546084851180742	0.670981393519989	0.7437913940178087	0.6350972088455775	0.7313219566041723	0.6690990994191001	0.6658582600563707	0.7907825789557665	0.7667815141689086	0.7796013443838556	0.4114907198353616	0.703920337795224	0.754465944473924	0.6308640898875326	0.6429311736808369	0.5480782429612574	0.6642467350680561	0.5992598817876806	0.773840008924072	0.4591600833228388	0.7772469563280313	0.7128868954097942	0.6627434061969879	0.8834436161448053	0.8877077198168207	0.6993121257739305	0.7040330264409116	0.8025528854464692	0.6460719258134879	0.3938060421452245	0.5080514556526932	0.7117785446086541	0.5110778059979634	0.8514193417589376	0.8187937782555127	0.7257086555204298	0.6036945384919336	0.6436344332922971	0.6928851393901955	0.7632137294282932	0.4110607325757885	0.499301357090583	0.774176270924699	0.702043853553999	0.5845303373156328	0.4914940194039073	0.7332591987628927	0.4131235121174898	0.7353654918989337	0.7109166354757214	0.6710813035142325	0.8060026539507724	0.7067327820774048	0.5862783825902499	0.7207887949375287	0.7201045426147933	0.7063645675356854	0.5954884960513949	0.7083243825572065	0.44350838066774856	0.6403586404468512	0.6422152757381135	0.771153922320331	0.7691982404796477	0.8757737577803967	0.6679690826250259	0.7039668945569079	0.6253701894080693	0.7572595775916807	0.7076101827302594	0.5961719807250732	0.7937441333302465	0.8530905627420444	0.6470046186793472	0.6690933784521816	0.744663570808576	0.7840587895341934	0.5439838174466145	0.6988638671210872	0.7352062162931444	0.7417942351198247	0.7538889384351369	0.7549648739122309
COPD-016	0.4511582416564593	0.6313658584873446	0.574761365679558	0.6811743307020469	0.6105620302221869	0.684559208454621	0.491811017157292	0.6656256845101121	0.6196018254425023	0.5315525826648657	0.6404367624385139	0.714546915312438	0.6001442008307029	0.7881882931132831	0.713361291448184	0.0	0.6451255697614232	0.45725879565810335	0.6240317689317946	0.5106080757446098	0.6758742695796196	0.5135765264395545	0.4510250321536654	0.6386794384303787	0.41183168676291915	0.5562489345812677	0.6094569775025054	0.6720236283187736	0.6969860460157125	0.6773989970548818	0.6188124974303653	0.6471169872784704	0.5816125121528914	0.6826106159220685	0.5137068602194094	0.670884381933971	0.5217371326128265	0.5544489495416854	0.6196540730664493	0.7028951376837186	0.5088826594411938	0.6934645279971496	0.8693079866100863	0.8475364772675658	0.7425473586651914	0.45040156387250113	0.8197830253885138	0.6170264000167737	0.6739838851572341	0.6589202929808292	0.5381933780697018	0.6664829990370436	0.8837580697229797	0.6034765418750232	0.5457185213518014	0.4458942679141725	0.5851952961862127	0.6584402229726785	0.7287781788013973	0.6801333024371367	0.7817648631134732	0.7137966424740129	0.5149125882859537	0.6889108993430905	0.5698723829812894	0.5312627969078807	0.6264769147937409	0.49758153772314634	0.5570134534315438	0.5698636419457769	0.7689195452827945	0.5060395451695135	0.6863928693176543	0.5603435864897394	0.6586500074319142	0.4351348215167003	0.4889329851789526	0.5408877048065924	0.6058462345220359	0.6296141079519658	0.47898217738288656	0.7137633669717555	0.7243990880748035	0.871787006969281	0.630778065923852	0.5822543642376627	0.5127061895936768	0.6351374529083785	0.7395251092595081	0.5682274604633015	0.7801340768372736	0.7398921987311204	0.5126255120829815	0.6442761410983496	0.6404581676939458	0.6844275538439866	0.6710288381282344	0.5130107807460103	0.6559429053732522	0.679665863346718	0.614226784059264	0.5858022533695991
COPD-017	0.6569531480268359	0.5405920249600384	0.8186954257310379	0.5572971094844408	0.7821581937919139	0.8198087150370004	0.5664132497136781	0.8466875944741906	0.8188006458685673	0.6786330200793975	0.8422460678930603	0.8867225695825399	0.7902244692997465	0.8753471974503724	0.8304748889330117	0.6451255697614232	0.0	0.7482358901077085	0.6757138152917277	0.7298232124173255	0.8928700999971217	0.7319721390891426	0.7457179724536687	0.7846600622048834	0.7277812887850741	0.6025947435582711	0.6973370340221535	0.5113175097147182	0.5356223694701576	0.8216399124535427	0.7028808772687687	0.9139144698138716	0.801097434612083	0.8274160185560493	0.6944420728573573	0.8741836172463411	0.7555025567999579	0.47491966690076404	0.8583900262656724	0.5073175720230247	0.6348457148887858	0.886242848860686	0.9640597804524572	0.956727656265564	0.8160283283266283	0.6240617858947817	0.9135834715128501	0.7540556320569045	0.8203300589330287	0.8563489956172663	0.5814629514691775	0.8372826654754372	0.9475048431121332	0.7714954736228357	0.6235390809035589	0.6219462623872649	0.6755340181522048	0.8673457141850907	0.6206340273957869	0.8706965570809063	0.8723171468449331	0.9039305799313552	0.5673284486358171	0.8849148159586897	0.8239270331813013	0.6681075170679753	0.7842257522657303	0.531493761882803	0.8037753688030809	0.5963491111325702	0.9307135480877095	0.5759929240578086	0.8399573784993156	0.5791586724356717	0.8941722208468209	0.6967616239748762	0.7145240216489834	0.6009442069096299	0.7816020542391919	0.5608662300080302	0.5868988461820055	0.764816633198021	0.8343687194955024	0.9660842399603382	0.7641949614327507	0.5732640306683637	0.6618056189344559	0.7413345319463627	0.7066611506377226	0.5739819575832291	0.9337143656291285	0.5310972360698707	0.746349281914194	0.7807594274478106	0.5847637970123807	0.47128816744152485	0.8180914946744177	0.7086678047929715	0.5839668149841641	0.6309396090744036	0.5662263924588237	0.48954342468102585
COPD-018	0.44471613069713184	0.6152800143311593	0.6248668500461358	0.7266957378069164	0.6588844444250364	0.7389929008075038	0.4765258144653395	0.7036370228710795	0.5227209387356736	0.6379409309087535	0.6866673345428158	0.5830998951498201	0.7170428553986437	0.8128703491194172	0.6654625356569586	0.45725879565810335	0.7482358901077085	0.0	0.5572797580060233	0.5893079877413835	0.5005057719986076	0.5826137557329494	0.2741826508142199	0.5680601961154058	0.41735103605173707	0.6194703903616438	0.6740460217514024	0.6551105591964977	0.710579418882255	0.4894219000091411	0.5996099135374622	0.6803714539625522	0.6215465170392034	0.5784070267468636	0.6133147488079969	0.507532619506431	0.4759479397558065	0.5855678533950842	0.5530451669464673	0.6527137104682335	0.5919197783216815	0.45242885101679436	0.8922238819474441	0.8947624253305061	0.7767139410718739	0.5197901952063866	0.804117040613987	0.5555485081610549	0.6202530052311734	0.538416405510448	0.4526962884802854	0.5633602266362793	0.876403551389454	0.709339949659595	0.6362115138354356	0.468875736632937	0.6566024452479172	0.6687096121105001	0.619814983886977	0.5298209748241722	0.759184827381823	0.6125987067077725	0.544346939418316	0.5573338588399057	0.6183013861798755	0.48593299349540003	0.5283129617702346	0.5290020174348063	0.5682760041951959	0.5765464279004519	0.7890433919713045	0.564708797920361	0.6064446923716785	0.5897410090375867	0.5916525945140273	0.5182645484866361	0.42842761240709126	0.5722016962528644	0.5339247455148843	0.6442663803349135	0.40399865024256854	0.7631598847664459	0.7937990670736136	0.894661112947357	0.6511469661175683	0.6167325245512778	0.3664508089828059	0.6500582381863247	0.6877135180592456	0.5703033866297714	0.8037946672956015	0.7611731585163755	0.41737049762571815	0.6060478870955228	0.6752267407644651	0.701831410055348	0.6964345673851107	0.5764417842134304	0.6497265053164152	0.6801462120047295	0.5668106118109468	0.6164501732583704
COPD-019	0.6339246717365097	0.6351490031094467	0.8044400302280365	0.751454089374476	0.7279845750688049	0.8452528431282729	0.6116137170448706	0.8250720051630434	0.745906778152683	0.7337672641579019	0.8002337410615242	0.7731984917116113	0.7871745766002236	0.8336758948605553	0.7870529087939344	0.6240317689317946	0.6757138152917277	0.5572797580060233	0.0	0.7451116070851972	0.7848520431136219	0.6174026899414282	0.5931852239864142	0.7845111668366948	0.6590680997380417	0.6673294617407411	0.646547806811811	0.6917524330868672	0.6211869618624138	0.6513364812053362	0.6457909740328042	0.7974426568744661	0.7556453267233375	0.7406563010849712	0.6867852409681722	0.767709020355118	0.6501140607748058	0.6259856277036352	0.8073858234292889	0.6989929621328931	0.5721625177021784	0.7792308604725939	0.9137504440474683	0.9162062917623237	0.8224960846301932	0.6188050723842703	0.8308826230461058	0.6918713282816202	0.7109221720492255	0.7902458493433171	0.5661292029264052	0.7682019994801664	0.8934121559693725	0.7807983002985763	0.640289430402399	0.6266505725872218	0.6983927794792361	0.768606605172693	0.6843926607328152	0.7672125045719288	0.8325413913337744	0.795749825679472	0.5992779986729646	0.7658645198263059	0.7755803297324652	0.5517243469000139	0.7045739752134461	0.5783241934283235	0.7312470637903201	0.6237017654597006	0.7838572357867998	0.6319261026049675	0.7532505400828048	0.6105447786515457	0.7695818573846945	0.691994907929363	0.5978843663860712	0.5622669802153805	0.6940243019984309	0.6638333617216069	0.5721288822402705	0.7917350907369672	0.7979165613528537	0.9169410997287948	0.7515512890510653	0.6518651150612061	0.5495290759664988	0.6668177947705293	0.708258079503992	0.6123114825165246	0.8652611282860387	0.7375205022767382	0.6363879288795408	0.746156343854104	0.6716903671721237	0.6489606889098453	0.7839321404045735	0.7007686236886917	0.6615846228114814	0.7055571716579487	0.5872723586999697	0.6552090041919506
COPD-020	0.6066803614571956	0.7376063046923427	0.5328216324530038	0.7974050652096999	0.7138683375285955	0.6075532542616717	0.6052704177293465	0.655751116680983	0.49908376521371345	0.6681407481057196	0.5405967035086268	0.6250677076666391	0.5943011154422306	0.7384076313848985	0.6546084851180742	0.5106080757446098	0.7298232124173255	0.5893079877413835	0.7451116070851972	0.0	0.583464325080383	0.7151524103015104	0.6161070982967091	0.526808228596715	0.38265682891191427	0.7084396058958329	0.6860827980063642	0.7692376471627663	0.7671920919588122	0.7741411127334491	0.6845813860306982	0.6201066378734807	0.6676455265922638	0.5154857241529702	0.694650930463028	0.5777723512794621	0.6730702153780672	0.6214174599296038	0.5660280804048898	0.7752823813431878	0.6515415928602333	0.6048483684678196	0.8614208689553551	0.8491812431640094	0.6766192156330535	0.5840014526687344	0.7775756336026337	0.6817076187500181	0.6447091221711742	0.5833955113410256	0.6932945901671915	0.572033759525255	0.8660624725874609	0.7012391056369586	0.6693937174726787	0.6207495787185201	0.6839339100177603	0.5756285435858436	0.836092751983757	0.5860638524946945	0.7656473714184256	0.6618902522592544	0.6325993827806201	0.6240894757295836	0.5022830740680267	0.6472472368965014	0.6810000111204858	0.5939080000213925	0.548199328563152	0.6459274024810067	0.7462923008408172	0.6325592893454804	0.6092679992499499	0.6803222115076286	0.6229613529326345	0.5434718702400262	0.6277798091116829	0.7058822484066157	0.6240035223952489	0.7260969529582133	0.5817036897997473	0.7700654531443878	0.6688960637698628	0.8647684279395341	0.5596001919164882	0.7092512003329418	0.6780286374061878	0.7882102500889158	0.8453276056780654	0.6559568065404598	0.7949125262378082	0.8128931970094196	0.6246762912101177	0.47150474615443216	0.7627914324907135	0.7597823681868381	0.5660438291532064	0.6607646429672046	0.7894031584445925	0.7843175801721337	0.6803382269771671	0.6986984115306384
